5033977.0
6602911.0
4780796.0
4394775.0
7729264.0
6486386.0
7122579.0
8752786.0
10987408.0
12983834.0
5595862.0
4734161.0
3407282.0
4910493.0
3639768.0
8187153.0
9732844.0
3756032.0
4168870.0
4009163.0
4899385.0
1803917.0
3842923.0
7162510.0
3432613.0
2553257.0
3701123.0
3305711.0
3288335.0
4728338.0
5972520.0
3001300.0
2830318.0
3428605.0
3520990.0
3231482.0
3174162.0
4018413.0
2806484.0
2166915.0
2507403.0
4293073.0
4842938.0
3191525.0
3786004.0
3515539.0
3174247.0
3207527.0
3368149.0
3538006.0
2685200.0
2139509.0
3117556.0
2373294.0
2875257.0
2620442.0
3769915.0
2763346.0
3035446.0
4053526.0
3602475.0
4155899.0
4837986.0
3877543.0
3342067.0
2617028.0
3765198.0
3286124.0
3384372.0
3172609.0
3447769.0
2485480.0
3793884.0
4381577.0
3084449.0
3021301.0
2957897.0
5625967.0
3757140.0
2881445.0
3830456.0
3497692.0
5109598.0
4372130.0
4186395.0
3355108.0
4061624.0
3196560.0
4119712.0
2690570.0
3483136.0
2586444.0
4744438.0
3676519.0
2664523.0
4347047.0
3109876.0
2009071.0
4102419.0
3044806.0
3451418.0
3730967.0
3296898.0
4398201.0
2474484.0
2640679.0
3857674.0
3286605.0
2815827.0
3337285.0
3662109.0
3458847.0
6356912.0
3623567.0
3686958.0
3849177.0
4493071.0
3691433.0
4825934.0
4136700.0
4634940.0
2944369.0
3310934.0
3580635.0
4476246.0
3008860.0
5031294.0
3739854.0
3522948.0
3350471.0
3001732.0
4905186.0
4419746.0
3376982.0
4172613.0
3434516.0
4247640.0
3005827.0
4057200.0
4267718.0
2920152.0
6935476.0
3115886.0
3271287.0
2283581.0
4495145.0
2442764.0
3288758.0
2282424.0
2659266.0
3388133.0
3241216.0
3096335.0
4756057.0
3369318.0
4194502.0
5134123.0
3147069.0
2203460.0
3632122.0
3384576.0
4356487.0
3973878.0
3207902.0
3736938.0
2922465.0
3614879.0
3625997.0
3322889.0
3077441.0
3217974.0
3240683.0
2555760.0
33484852.0
26862056.0
17792845.0
18047033.0
13386642.0
7244315.0
6815238.0
7007369.0
3310348.0
3097765.0
5228336.0
3299983.0
4832860.0
2742603.0
2947745.0
2584051.0
3591876.0
3619910.0
4304702.0
3361691.0
4440051.0
3404031.0
3747157.0
4067741.0
4866526.0
5340435.0
3938095.0
69085708.0
39726508.0
102385118.0
56244498.0
38397175.0
20167612.0
26717352.0
18751187.0
24934077.0
10532185.0
26555598.0
22389138.0
25555731.0
11902240.0
11965806.0
10782660.0
8578135.0
4349644.0
8884593.0
5592121.0
5660439.0
6258281.0
5454555.0
3611795.0
7073764.0
6182657.0
3466063.0
4354989.0
5170673.0
4547309.0
3915435.0
4578153.0
4345014.0
5845461.0
6833516.0
6101786.0
7646717.0
6825127.0
6280060.0
6509623.0
5121286.0
6723608.0
4058499.0
5065000.0
6664832.0
7984338.0
5299617.0
8486053.0
17388439.0
9735098.0
7765578.0
11702703.0
11290708.0
6396322.0
5415372.0
4620617.0
6577377.0
5417383.0
7211222.0
4902260.0
3717559.0
5331671.0
5025531.0
7345068.0
5809555.0
4216169.0
3712350.0
4366262.0
5031398.0
13125154.0
13346087.0
8720602.0
4140681.0
4322390.0
4919272.0
4947616.0
4057807.0
2686172.0
2465354.0
2645924.0
3946929.0
2793934.0
6006266.0
3805628.0
16692339.0
5531399.0
8212668.0
9936243.0
7139391.0
4712973.0
4905424.0
5854417.0
18349829.0
13768557.0
9278796.0
8114245.0
8661320.0
10638082.0
6898190.0
7911063.0
7372231.0
6202691.0
6285285.0
4768050.0
3904565.0
4897111.0
5127491.0
4860321.0
25493362.0
37423162.0
27425435.0
21691659.0
28796723.0
43156397.0
97023787.0
168315127.0
349430800.0
657701914.0
762462369.0
809450788.0
1230526676.0
1883577530.0
2879787152.0
4920134520.0
6588870009.0
7233146213.0
6502945895.0
12926371393.0
9972896458.0
16277838753.0
21732246832.0
18148969571.0
12362984190.0
8010716559.0
5971544226.0
5300041976.0
5136837632.0
4521753395.0
3602334061.0
2904495321.0
1633398271.0
926627352.0
651037366.0
292566787.0
123293430.0
119345953.0
99614015.0
129028071.0
86360411.0
58034724.0
57903977.0
41684031.0
32129305.0
18523230.0
16639122.0
16271459.0
11237716.0
11941719.0
10088863.0
10843421.0
5813874.0
10634897.0
8524618.0
9546990.0
6749671.0
6096572.0
4563900.0
7137626.0
10658665.0
7045975.0
4175148.0
3967988.0
3774419.0
5371909.0
3328954.0
5382955.0
5987511.0
4286334.0
3250490.0
2336331.0
3264989.0
2706525.0
4826903.0
5256141.0
4470684.0
5766735.0
3147245.0
4139238.0
3926683.0
3540265.0
3386957.0
3399517.0
4066803.0
3762127.0
2655406.0
4619546.0
3744741.0
8426762.0
5404382.0
16407523.0
26510686.0
53217506.0
95958529.0
101849396.0
1038737993.0
2159154242.0
3280234451.0
2325776621.0
1942754873.0
5426897339.0
6184254000.0
3722312184.0
2928844999.0
1312722372.0
125870709.0
26983355.0
23063549.0
29368786.0
21812090.0
28058047.0
34739649.0
42109368.0
129116416.0
5160488054.0
21622511478.0
10268159126.0
14965855892.0
14720737596.0
15371892229.0
14619086807.0
16671378944.0
13105562734.0
8333795066.0
9454920615.0
5638961397.0
4956327211.0
10583849076.0
1952252798.0
4260053310.0
6452108184.0
5437931907.0
2102191257.0
1446147559.0
893215869.0
1110339107.0
744839796.0
846648575.0
857618130.0
1146430557.0
985469259.0
926312705.0
618493853.0
721935885.0
680038795.0
1057295750.0
1273314733.0
1857478709.0
1658817644.0
1507040066.0
1154367086.0
986386471.0
966000313.0
776913721.0
609918382.0
491798090.0
568140866.0
693792220.0
707435056.0
657856832.0
460997889.0
254769194.0
96211340.0
9266324.0
1312527.0
881643.0
520142.0
780571.0
799522.0
562606.0
729181.0
339523.0
309530.0
289860.0
430498.0
443440.0
330274.0
515624.0
349415.0
260011.0
499498.0
241778.0
278885.0
340669.0
514226.0
286574.0
336184.0
409486.0
356555.0
190565.0
245848.0
349676.0
438763.0
245661.0
358845.0
298363.0
375091.0
245953.0
461511.0
277254.0
431139.0
339148.0
245529.0
375894.0
324939.0
318551.0
318160.0
373765.0
313290.0
1247979.0
11882202.0
70694018.0
271077421.0
611350372.0
969462152.0
1143025852.0
1347133738.0
1885703685.0
1979034487.0
2051924566.0
2006920181.0
901900713.0
481535722.0
365169969.0
241211045.0
452232502.0
80435637.0
7956260.0
8305861.0
8574751.0
13544850.0
9526825.0
9621080.0
5973260.0
5196505.0
9535111.0
13931823.0
160953858.0
152918969.0
355330366.0
2037125601.0
9567598398.0
12878584610.0
11973942604.0
10398319581.0
7152902491.0
3518617673.0
1926840217.0
2539791887.0
3984307942.0
4034825787.0
3479038463.0
2465183688.0
2120306444.0
1950905469.0
1345943563.0
456697986.0
269417248.0
166897927.0
61499579.0
37249512.0
44787418.0
26963280.0
31894583.0
24370725.0
23531892.0
49789459.0
8977070.0
22951661.0
16796421.0
14645056.0
5539823.0
9586710.0
3495711.0
2346311.0
3581496.0
2245528.0
2177771.0
2457321.0
1983966.0
