894254.0
500089.0
491649.0
222028.0
424817.0
774966.0
382896.0
407355.0
509928.0
264910.0
706516.0
435769.0
340512.0
577545.0
424992.0
188826.0
760530.0
772688.0
722213.0
1843515.0
180189.0
561427.0
680010.0
3557956.0
8648294.0
3925921.0
359155.0
4112829.0
2267687.0
2506225.0
3237388.0
1310760.0
1200960.0
1995278.0
890361.0
1379723.0
487156.0
529509.0
2627717.0
1297324.0
803979.0
1198021.0
1207454.0
353610.0
1104388.0
727885.0
549926.0
783972.0
494307.0
249667.0
714351.0
1825204.0
1279848.0
1261882.0
563898.0
749489.0
1363238.0
706964.0
1252841.0
656761.0
1280743.0
946402.0
899178.0
2578714.0
527544.0
492703.0
628574.0
569650.0
1035371.0
630743.0
938556.0
719549.0
839356.0
1034772.0
817040.0
1557343.0
1867162.0
1347138.0
2672217.0
6356119.0
4710335.0
4240241.0
2662746.0
2609439.0
3107974.0
4085017.0
2394503.0
2532686.0
3870087.0
29899023.0
111904211.0
538367012.0
2682320566.0
5583994906.0
26213211557.0
28590918620.0
26946092257.0
29638099940.0
28162509194.0
21321454566.0
10708424511.0
3634941327.0
691907587.0
730783102.0
946842405.0
773082583.0
441713793.0
1937279145.0
5551636909.0
3388066280.0
4078506917.0
1501711621.0
434684733.0
98843805.0
110208076.0
173677071.0
91157046.0
1011755440.0
1609471360.0
1747216512.0
951056329.0
845823340.0
1104824573.0
3002092785.0
4129947193.0
1818220143.0
1219280229.0
213059122.0
269824022.0
474118743.0
469991487.0
368879890.0
92390768.0
1072958037.0
2098220707.0
2356955268.0
3357347908.0
2640562358.0
1242082089.0
190964379.0
224712945.0
228670452.0
1620665887.0
3136489747.0
5341844483.0
4321700863.0
4849819720.0
1785590672.0
330317224.0
93546082.0
132164180.0
1407100434.0
3031724277.0
9406287652.0
11765691254.0
10337148694.0
7379191010.0
4762223264.0
4877832777.0
3100691783.0
2532453164.0
1304710823.0
660248605.0
155688547.0
50866749.0
20302149.0
13442596.0
5588786.0
4633726.0
3410951.0
3034497.0
1013420.0
