14624.0
4036.0
10301.0
17448.0
81670.0
91328.0
37517.0
20205.0
14700.0
3621.0
6956.0
17964.0
5503.0
1918.0
12131.0
150.0
234.0
45790.0
27376.0
20344.0
35667.0
34200.0
14600.0
9251.0
7384.0
16028.0
17198.0
6714.0
3703.0
3956.0
13413.0
21268.0
27723.0
7759.0
6662.0
21804.0
14810.0
5374.0
30902.0
31100.0
4126.0
6629.0
6004.0
5897.0
6584.0
8122.0
7649.0
3152.0
14962.0
26924.0
42562.0
39321.0
19868.0
6794.0
3779.0
8214.0
13965.0
11977.0
16122.0
17706.0
29225.0
12937.0
6409.0
7777.0
14376.0
19222.0
10174.0
1321.0
3092.0
4708.0
13316.0
10755.0
15643.0
8619.0
7538.0
7041.0
3132.0
1986.0
13647.0
16326.0
15527.0
38388.0
26491.0
23310.0
17060.0
1898.0
4455.0
5750.0
16118.0
11361.0
2895.0
2730.0
3048.0
4247.0
3917.0
2206.0
2231.0
1873.0
5724.0
4760.0
8361.0
554810.0
4374234.0
2306668.0
146613.0
1166.0
76980.0
82879.0
2418.0
2422.0
4119.0
9440.0
21637.0
39323.0
23383.0
11801.0
24812.0
30047.0
47591.0
604067.0
886437656.0
40455125193.0
50778792003.0
51179864901.0
53238131907.0
54037635105.0
50676004473.0
54047830138.0
51229888759.0
54679222713.0
54311768863.0
54694519008.0
55212134356.0
55080165014.0
51982658340.0
49604717815.0
49099478015.0
48628015878.0
47652561677.0
49422014988.0
49520400284.0
49588241369.0
54594768814.0
56988546012.0
56346479744.0
52810556936.0
48130638425.0
48905690894.0
46138067772.0
48875026097.0
55389476241.0
53948632315.0
52678837936.0
60086899269.0
60332904824.0
56091702008.0
56787792229.0
53698945057.0
52827542841.0
54511438812.0
51957374818.0
50017998106.0
46946689457.0
41926264912.0
34915403971.0
25622450466.0
18318155370.0
7297970405.0
5078110659.0
3032665825.0
2441299338.0
1287990685.0
635411254.0
150930206.0
17550958.0
19952092.0
10227465.0
1909969.0
578199.0
280077.0
151031.0
100047.0
79309.0
45348.0
45628.0
43393.0
33735.0
43067.0
48236.0
24095.0
19826.0
8602.0
5600.0
5242.0
20231.0
24511.0
113228.0
16268.0
3383.0
46685.0
30655.0
675.0
949.0
1194.0
2595.0
5047.0
5270.0
32312.0
37408.0
31392.0
35382.0
24657.0
30078.0
26282.0
76996.0
53285.0
58624.0
30301.0
29844.0
42674.0
50925.0
57448.0
31579.0
19081.0
11210.0
16995.0
20795.0
57152.0
65561.0
81780.0
72417.0
53066.0
56333.0
56469.0
41177.0
102094.0
309767.0
96944459.0
12567406030.0
27985303088.0
37564935740.0
32763174577.0
32951545548.0
45360357575.0
44242857155.0
49484844008.0
54431435763.0
54034981742.0
51986120347.0
48244836953.0
45348600290.0
48510560643.0
53008904353.0
54980740282.0
54757770419.0
54194077973.0
53681376501.0
54665422162.0
55117169942.0
55958437023.0
56374013558.0
57572424234.0
59693284280.0
56792888515.0
57605878070.0
58672632586.0
58242772562.0
57779100936.0
56606889521.0
57221837095.0
56951061541.0
57270050933.0
58169485325.0
59341109823.0
58679188273.0
56161413540.0
58661927969.0
55670956522.0
56324701479.0
56289369533.0
53049898399.0
52785417877.0
55532831472.0
55471142502.0
52665025177.0
51199174696.0
52984752870.0
50952801421.0
48210865960.0
47145467513.0
46450063177.0
42968710704.0
42691075619.0
37312280376.0
31081544425.0
31372666391.0
24129582154.0
14931894574.0
4576696481.0
3997599475.0
1239958205.0
184472777.0
114244732.0
48073241.0
10947653.0
7439841.0
4747389.0
1734331.0
1487761.0
891935.0
517333.0
353861.0
226916.0
202906.0
153133.0
76165.0
65875.0
46778.0
101425.0
123166.0
98944.0
62243.0
10498.0
21348.0
20256.0
36175.0
40382.0
34461.0
123089.0
161925.0
85924.0
89250.0
58291.0
74395.0
73499.0
100397.0
146803.0
241251.0
238617.0
221898.0
341133.0
198342.0
70990.0
113223.0
99910.0
52032.0
24172.0
3841.0
10549.0
13982.0
3193.0
8481.0
6725.0
9756.0
6575.0
26943.0
16500.0
6659.0
25213.0
25237.0
8819.0
7064.0
1208.0
3378.0
2608.0
1850.0
10706.0
29229.0
8652.0
9321.0
6632.0
54454.0
186125.0
808465657.0
1845492600.0
2854537964.0
4393586010.0
4681376468.0
6975477974.0
8052395082.0
7784090247.0
8018759411.0
7974315736.0
8448976210.0
10007219954.0
8870824758.0
9062465732.0
10404611898.0
10692817084.0
11634726058.0
12536281878.0
15507392325.0
16746129123.0
19133033869.0
18570935071.0
20357799757.0
25895965756.0
26292057211.0
20871423877.0
22576481302.0
22040285051.0
22857594481.0
23993310499.0
29367615474.0
31576616859.0
30872480376.0
31448754877.0
30905446865.0
29948989711.0
30618157403.0
33224150035.0
36268053126.0
37902994828.0
35647535157.0
34737309023.0
37323286964.0
37795479328.0
33057812310.0
35200359553.0
35351522203.0
35592351373.0
34762490238.0
37147808113.0
35785565206.0
38712682747.0
35984896304.0
32973708949.0
30781034632.0
29387604823.0
31819968411.0
32659954146.0
31894641561.0
30929076484.0
27524816909.0
24173907203.0
19407425264.0
15857899387.0
12742764233.0
12877993761.0
9804123044.0
4767832965.0
2227947829.0
1070765924.0
444390639.0
102470924.0
31305198.0
17382003.0
9917525.0
2278642.0
939722.0
427086.0
253745.0
268996.0
318590.0
235379.0
114982.0
63549.0
59414.0
47566.0
134853.0
119143.0
53952.0
36848.0
10291.0
68828.0
73027.0
47283.0
36891.0
14298.0
23234.0
30481.0
76993.0
105878.0
138924.0
72088.0
27999.0
19510.0
33989.0
25277.0
25107.0
18393.0
15869.0
15487.0
14085.0
10323.0
7336.0
1645.0
8656.0
10483.0
13779.0
16793.0
29740.0
26992.0
12583.0
19840.0
13244.0
1697.0
3501.0
2674.0
1294.0
2012.0
83015.0
822277.0
1039753486.0
5918266938.0
7706027044.0
10396411432.0
15192759491.0
14564784337.0
18376174194.0
22524970305.0
22620072738.0
23951174711.0
21288522091.0
19293048419.0
19041321885.0
20163529723.0
20326038127.0
20802529499.0
21174546524.0
21618218485.0
21443206244.0
20738374837.0
19700151277.0
20430655464.0
21228356102.0
21771854976.0
22140808131.0
21512663563.0
22314480729.0
21650101745.0
21067350333.0
20975746510.0
21309933509.0
21884693650.0
21962648912.0
20048001409.0
19550145619.0
18269672465.0
17679371238.0
17303936437.0
17056716320.0
17554802048.0
18336205193.0
17715810520.0
17968721686.0
18153341710.0
18059307825.0
17767982388.0
16610159101.0
15853751603.0
15916144530.0
16153432971.0
15826966999.0
15104539291.0
14664941990.0
13206031613.0
12817605011.0
10770617116.0
9915800455.0
8549541350.0
7534748438.0
6508476936.0
5917810436.0
5043201226.0
3045321528.0
859955953.0
78002954.0
11962449.0
7378955.0
5908627.0
1462748.0
126828.0
172605.0
171653.0
54077.0
3381.0
45660.0
116206.0
248672.0
86713.0
23971.0
6282.0
7507.0
13664.0
18095.0
12083.0
3074.0
1960.0
4755.0
18528.0
22504.0
6439.0
3985.0
9734.0
14429.0
18745.0
6424.0
7709.0
16541.0
10377.0
6156.0
13743.0
15110.0
4145.0
3524.0
2369.0
12252.0
20522.0
17108.0
15583.0
9248.0
1562.0
2195.0
1528.0
2065.0
3403.0
14090.0
91532.0
367553.0
36455085.0
4227844897.0
6680343586.0
7824344680.0
9469759146.0
9747066018.0
10017927407.0
10199837519.0
11328822306.0
12522236913.0
13407111011.0
13392707618.0
13511468897.0
13626143368.0
13566104719.0
13834764993.0
13733927245.0
13435285810.0
13648683675.0
13907312381.0
14228754774.0
14751975970.0
15075552865.0
15093557296.0
15420645303.0
15591107370.0
15572824644.0
15266418173.0
15409214314.0
15293315257.0
15719397288.0
16205004035.0
16482769838.0
16292604996.0
15969607383.0
15682118953.0
15686391251.0
16266476227.0
16541309882.0
15954037849.0
16050362882.0
15698678160.0
15426857504.0
15732792841.0
15638390370.0
15739792981.0
16379002509.0
16528879551.0
16473558008.0
16546478346.0
16361787198.0
15931871590.0
15248356780.0
15177250150.0
15083208641.0
15501487684.0
15465478234.0
14641762002.0
13785292816.0
13243715923.0
11852616669.0
10499804944.0
8919577674.0
7712267416.0
7408953103.0
7562197383.0
5412948524.0
2232052091.0
935255105.0
269312869.0
29059601.0
5192582.0
6032851.0
5253088.0
2948801.0
1770895.0
2358665.0
2503619.0
3056026.0
2516225.0
1470731.0
1258935.0
714001.0
549552.0
426377.0
253077.0
322475.0
349413.0
250012.0
202787.0
162080.0
267350.0
286453.0
202412.0
221843.0
266775.0
194076.0
119865.0
179612.0
291882.0
227605.0
235832.0
238716.0
95650.0
48856.0
24734.0
8137.0
7917.0
44361.0
56907.0
36655.0
64344.0
39979.0
30230.0
23561.0
13409.0
26017.0
30558.0
80228.0
48789.0
20418.0
47249.0
46228.0
51420.0
41551.0
44019.0
261082.0
27053458.0
4019379244.0
10759469065.0
13369910384.0
17920963806.0
21200525898.0
25218014529.0
32175832873.0
34944015966.0
33961002731.0
38728300256.0
43050540707.0
42107553296.0
44576735421.0
46764479701.0
44981845209.0
45546315142.0
44880437478.0
44571862982.0
42327520878.0
40468211379.0
39872498217.0
38795121511.0
37472259883.0
38466612797.0
38748179966.0
40776705299.0
38969801997.0
38397047224.0
35932772940.0
36241653753.0
33771700413.0
34327946347.0
31381034898.0
30433103442.0
29977395006.0
29998157103.0
30152095213.0
32873296446.0
31585276253.0
30277498449.0
28421074327.0
26993346437.0
26043080927.0
25992598697.0
26521321554.0
27251248244.0
26772135716.0
26250715567.0
26389489036.0
25916570188.0
27870424670.0
26694846234.0
26001383747.0
25302506801.0
24707161602.0
20414942019.0
16448849163.0
14816381172.0
13790741413.0
8818373565.0
2826814498.0
808365248.0
222405131.0
49723146.0
18787869.0
14572632.0
2749471.0
945068.0
436612.0
345499.0
158940.0
215302.0
250584.0
241237.0
126901.0
52075.0
33523.0
18690.0
31772.0
68781.0
98840.0
103928.0
117741.0
105138.0
140585.0
101969.0
86204.0
75380.0
30964.0
17040.0
10191.0
5711.0
11705.0
13998.0
21179.0
20063.0
35201.0
34786.0
35754.0
12600.0
4095.0
7972.0
14023.0
15479.0
16812.0
20760.0
52082.0
42904.0
22979.0
34231.0
23590.0
61409.0
28524.0
1944.0
28097.0
30183.0
4186.0
5804.0
7146.0
14673.0
14173.0
19725.0
28113.0
26492.0
29519.0
32881.0
33142.0
29037.0
10262.0
48859.0
48877.0
4610.0
4763.0
880.0
2785.0
1245.0
