11045282.0
9813601.0
15896986.0
8589893.0
8083065.0
6323733.0
10733712.0
7395540.0
5816943.0
9457639.0
16113784.0
6556175.0
90644693.0
140833260.0
349318704.0
537076504.0
714180802.0
782068227.0
706854532.0
1171427052.0
1254006219.0
1370440545.0
1495483311.0
1745736975.0
1562990918.0
2061693218.0
2193316725.0
2245357302.0
2118745783.0
2068657117.0
2585457545.0
2646934344.0
1820032263.0
1234597072.0
1386650886.0
1263323215.0
1149106414.0
741165172.0
551258987.0
317794793.0
178546110.0
228411586.0
92953350.0
39189776.0
25965460.0
46342396.0
27079984.0
16748760.0
18172931.0
10950344.0
20482226.0
23551010.0
14382646.0
18001538.0
17587243.0
22453157.0
255702341.0
504672654.0
1147923445.0
1030194555.0
907076427.0
491290864.0
271592851.0
316965607.0
158073794.0
387860689.0
944884615.0
1866337451.0
1959918927.0
1209970788.0
2109899779.0
2069266350.0
2318301532.0
1827361130.0
1718819645.0
1767474042.0
1302232122.0
486229615.0
488911084.0
321312844.0
279000408.0
418878721.0
218469893.0
138944419.0
55571780.0
169987265.0
56503007.0
71495241.0
31101373.0
30554213.0
18481080.0
16137157.0
16374757.0
8449850.0
6663139.0
6658760.0
62822031.0
114701667.0
237085714.0
165301515.0
161774327.0
264906774.0
245515695.0
346656691.0
318504396.0
227017467.0
351193289.0
207368191.0
379171627.0
374994669.0
384010934.0
482663406.0
260673067.0
419329032.0
280649003.0
230882404.0
322779578.0
198938653.0
342213745.0
251113603.0
261348362.0
280031055.0
236955408.0
328875137.0
175985942.0
302228191.0
225326952.0
210913726.0
174709628.0
148240618.0
159683759.0
75373017.0
102531337.0
52907688.0
24986202.0
18760101.0
17295192.0
16833328.0
11660370.0
25819130.0
388329957.0
682416379.0
653963782.0
604478428.0
715318490.0
799375303.0
567152698.0
449209002.0
181945673.0
132614670.0
49443578.0
25190416.0
28972821.0
171557388.0
519907149.0
430206753.0
613375464.0
596395461.0
525021657.0
818470629.0
652795587.0
772446435.0
619269077.0
588390050.0
804920748.0
603920548.0
523223345.0
348098277.0
499191694.0
315751882.0
307437825.0
104092302.0
112696100.0
89232708.0
43770087.0
34508615.0
14512914.0
8167534.0
10463055.0
13644426.0
5447419.0
5560601.0
6051339.0
3845706.0
6584924.0
5550798.0
4298859.0
5045756.0
4752894.0
3473328.0
5539686.0
7309212.0
29500987.0
12378306.0
8435255.0
11963047.0
3571798.0
4301278.0
32328221.0
234368938.0
300427010.0
274415759.0
138755261.0
92968344.0
116701518.0
257431159.0
584128159.0
861617989.0
1297397946.0
1804301852.0
2599317852.0
1510622516.0
1837915935.0
1583192037.0
903213138.0
392083766.0
630097439.0
2986642032.0
3068963151.0
2609658121.0
2251748630.0
1837394923.0
1464019605.0
899290237.0
757347530.0
1333795772.0
1824122051.0
2083597647.0
2516003157.0
2483181423.0
2128772080.0
698376446.0
337454854.0
127345891.0
28514757.0
48890392.0
112064265.0
71782711.0
70026688.0
22880678.0
5958589.0
7504408.0
9186985.0
10350775.0
5484473.0
9038619.0
4724540.0
5697604.0
8157102.0
4556708.0
6587302.0
4164884.0
4839883.0
2363544.0
2384389.0
3440762.0
2350165.0
4588677.0
4334819.0
4958361.0
3549169.0
3866823.0
1870105.0
4914642.0
3861938.0
4821756.0
2470079.0
2967827.0
7723767.0
4250045.0
3123517.0
4263120.0
4364748.0
7723223.0
3537939.0
4003093.0
8302928.0
128000344.0
88819704.0
204564542.0
208472884.0
221640587.0
228943060.0
212820044.0
190146387.0
139184541.0
150997157.0
131916504.0
127149177.0
90474608.0
52880961.0
72656743.0
26642640.0
13597650.0
7473472.0
9241377.0
9934626.0
8602641.0
7815960.0
15254620.0
5652694.0
7683590.0
8918722.0
4044389.0
7194547.0
6574154.0
3181489.0
7708049.0
4214055.0
3539203.0
3614321.0
4894209.0
6776968.0
3356365.0
3783205.0
5958083.0
3218598.0
4797107.0
36393106.0
286757793.0
394597092.0
398173357.0
210193455.0
307546714.0
286727332.0
359002327.0
325195821.0
339910527.0
181184710.0
205480811.0
124696900.0
199241169.0
203183308.0
297329956.0
265626382.0
152663028.0
131967484.0
111284751.0
55741702.0
23782759.0
8086430.0
8889289.0
8152813.0
5970522.0
8448937.0
5376222.0
4198320.0
2889017.0
2724429.0
2777267.0
3105162.0
8041525.0
4741275.0
29909639.0
24555361.0
12743711.0
10681042.0
13461538.0
92531766.0
46819763.0
90373908.0
69565115.0
180013754.0
456874368.0
361583826.0
500593878.0
317907564.0
316364807.0
190010826.0
134572695.0
383305632.0
422608722.0
409988808.0
373196531.0
612518511.0
865978054.0
644079612.0
706854226.0
764697859.0
455001374.0
302240742.0
162494928.0
126232278.0
82158928.0
94000789.0
180939365.0
222066522.0
138249437.0
219858014.0
189831786.0
99955006.0
62218971.0
19368548.0
37901436.0
11284521.0
6415771.0
4319316.0
6150307.0
5820752.0
5550084.0
5139723.0
6409673.0
3298917.0
4531305.0
3685015.0
3491274.0
2719689.0
7477348.0
41153798.0
95585776.0
137859884.0
108662739.0
121502479.0
152582305.0
123460202.0
172257885.0
365338640.0
402977722.0
628162515.0
786700819.0
435338058.0
268559397.0
271598477.0
398600539.0
90846751.0
111975058.0
53469475.0
30081161.0
20125085.0
11911446.0
6629361.0
50984932.0
30199990.0
19056322.0
12943024.0
8665741.0
21410292.0
115577612.0
158004902.0
72193765.0
102208920.0
59984773.0
72251445.0
126211461.0
69409550.0
70886399.0
61810334.0
54519202.0
43161066.0
27389726.0
24547203.0
25578571.0
18905919.0
19561556.0
25107603.0
13282325.0
13475781.0
13843661.0
8650251.0
3890687.0
7002289.0
3809216.0
5785198.0
4569227.0
4085706.0
4462802.0
5258189.0
4434083.0
2980961.0
4132576.0
5552531.0
4227905.0
5358279.0
2444770.0
3767936.0
3095965.0
2225385.0
3103708.0
2809721.0
4095302.0
4081788.0
5801197.0
3094029.0
4058827.0
4764485.0
4926559.0
4283530.0
6361206.0
7036241.0
3595727.0
6108125.0
4585955.0
6522913.0
4832528.0
3928197.0
4076219.0
3752900.0
4646769.0
4200594.0
2170602.0
2668605.0
3263563.0
4698737.0
4860267.0
4159670.0
2385657.0
5429362.0
2206729.0
4065936.0
4153142.0
4124458.0
4649591.0
4126375.0
3175713.0
4498749.0
2837097.0
4088380.0
3361919.0
4072197.0
4687767.0
4311273.0
4855930.0
2892512.0
3980444.0
2685211.0
4012987.0
4529515.0
4511119.0
3633602.0
3586471.0
4376083.0
3869461.0
2802293.0
4499681.0
3527858.0
1432768.0
