1055515.0
404288.0
291246.0
281338.0
260905.0
275071.0
269244.0
264807.0
270524.0
279195.0
178313.0
4823.0
3983.0
4488.0
4652.0
3897.0
3945.0
4087.0
4259.0
4263.0
4334.0
3804.0
4399.0
4418.0
4283.0
3647.0
4563.0
20214.0
382515333.0
306786015.0
487841116.0
561231125.0
1163283759.0
1554486394.0
1632587392.0
1162702523.0
1913360341.0
943826534.0
568679984.0
207251097.0
497956081.0
9366891177.0
10125075912.0
9828708559.0
5950643079.0
5881631687.0
4539831126.0
258827991.0
176028556.0
358856733.0
2114711703.0
3081499849.0
1177370705.0
844527733.0
664948680.0
423099288.0
71049963.0
15146141.0
11258320.0
22467980.0
175295721.0
161727117.0
104944568.0
82270162.0
120798384.0
242768724.0
505049131.0
506527335.0
557185389.0
742872370.0
891596885.0
246167704.0
68141585.0
101593128.0
190577335.0
214420039.0
211639142.0
960497274.0
3310963924.0
2517228610.0
1587932273.0
229014053.0
262516540.0
2733718940.0
3961869908.0
3945186598.0
2806469856.0
1852830747.0
1807415189.0
1506306769.0
1059420404.0
704631426.0
521113343.0
425064652.0
1107255892.0
2405411049.0
2894724433.0
2572306440.0
2360075521.0
2061833251.0
2173332374.0
1789675072.0
1109771578.0
848427999.0
251825682.0
39355949.0
13192490.0
8400299.0
6276040.0
7981954.0
6541088.0
4376643.0
6377866.0
4277044.0
5335931.0
91156464.0
307722919.0
29720052.0
12966181.0
10707687.0
7428586.0
10924830.0
10187340.0
13510754.0
16903303.0
21247132.0
25874661.0
22554143.0
17812660.0
21186572.0
20505212.0
11242192.0
8006834.0
7461967.0
6079448.0
6925392.0
4554105.0
5159832.0
5920089.0
4784019.0
6328701.0
4242745.0
6635230.0
6205004.0
5845902.0
6590592.0
3957553.0
5279761.0
6375263.0
5307362.0
6117447.0
4447721.0
5826240.0
6014747.0
6900849.0
11630878.0
29953793.0
58231990.0
98456343.0
311295635.0
494139848.0
1436543634.0
10232124934.0
13254837635.0
7736865816.0
385216561.0
121743335.0
51287631.0
45842848.0
120294273.0
1111899864.0
1946013428.0
3414892512.0
2248239147.0
134660912.0
105138555.0
449434054.0
1504561824.0
308458519.0
477814115.0
342884206.0
1945482632.0
480345745.0
7197977697.0
23775796817.0
15929886557.0
20308240197.0
11179052853.0
3623383339.0
6162999828.0
2327367170.0
1569362029.0
750013005.0
524697913.0
39426526.0
45363224.0
20033865.0
7980489.0
12023546.0
6618880.0
5976402.0
6734621.0
4621224.0
6787746.0
5768673.0
5546871.0
5528282.0
5973132.0
3702860.0
6883080.0
5659982.0
2895539.0
