3875010.0
4705363.0
978252.0
1643378.0
2886134.0
2375657.0
2240411.0
597439.0
546953.0
414342.0
747709.0
633218.0
407017.0
395624.0
777213.0
415400.0
423430.0
751323.0
1101613.0
2660124.0
901112.0
463414.0
591768.0
3164468.0
39082256.0
2099071536.0
6653640716.0
8542993727.0
9033578289.0
10231284264.0
17680963947.0
18811364820.0
18710140200.0
14979538273.0
8274374490.0
1948098309.0
481417714.0
365386593.0
282548422.0
128279180.0
552329562.0
6266655726.0
9820164971.0
7319252532.0
8052646821.0
9473897436.0
5921691813.0
6552107937.0
4559405525.0
3004966683.0
497735735.0
104303310.0
47918478.0
132046680.0
94569154.0
99157476.0
27178688.0
1688871774.0
5842115658.0
3992983013.0
2561390341.0
2984895304.0
2098994633.0
1443328727.0
1397419318.0
1663560884.0
993106319.0
204944212.0
36315380.0
43880159.0
889595527.0
2762767070.0
5617853942.0
5244972070.0
5833813474.0
4405909671.0
5460888175.0
6648082204.0
2166159466.0
434219282.0
140104398.0
77964110.0
19621052.0
27375650.0
681410235.0
5301562935.0
4051850785.0
2893077065.0
3179047559.0
6577752160.0
8629342467.0
8831216100.0
5616529132.0
779503007.0
178898926.0
219290886.0
392709265.0
474384619.0
4214944875.0
5204416822.0
5480170477.0
3239760395.0
3014080911.0
4354273725.0
5423151614.0
7135716298.0
6409599038.0
2898351743.0
1603065099.0
2462107848.0
2113835365.0
2756951945.0
3352458461.0
3476183381.0
3401898124.0
4061099616.0
1455340622.0
285357540.0
196427218.0
217081702.0
412323844.0
656177506.0
671963724.0
878248941.0
1472784375.0
1490986622.0
1839353885.0
2076660718.0
962907848.0
500467805.0
66503507.0
36034461.0
23652815.0
17284762.0
131683003.0
834685011.0
841018536.0
960227005.0
802829418.0
294017756.0
67605224.0
21660373.0
16572856.0
5265903.0
4918731.0
2309484671.0
5987179156.0
3388289485.0
4345514706.0
5000747199.0
7625240360.0
2084158011.0
1537036876.0
1303185599.0
282747355.0
33546765.0
20384137.0
27414664.0
9345740.0
7064435.0
1989455.0
1480672.0
927392.0
940085.0
925114.0
637883.0
691405.0
414031.0
413895.0
920698.0
605905.0
833255.0
769788.0
966463.0
791855.0
754085.0
424994.0
878097.0
695961.0
388158.0
778840.0
1031447.0
356005.0
366313.0
699383.0
617041.0
1068393.0
1036038.0
1314946.0
1279939.0
1234728.0
