25213887.0
26098551.0
22459466.0
20370355.0
27679054.0
25627159.0
15002245.0
20884022.0
20023448.0
22779112.0
30573677.0
15583374.0
23454517.0
12810083.0
22242707.0
12891961.0
12249655.0
25100114.0
21495532.0
24735162.0
23313919.0
22207855.0
38016657.0
20904857.0
16423650.0
31471278.0
17851814.0
25068045.0
22255035.0
16078872.0
21868239.0
15730689.0
14852624.0
19425253.0
16657336.0
16977743.0
13755469.0
16760904.0
16181924.0
10282993.0
19970469.0
11440582.0
16529773.0
12646054.0
13029580.0
23854366.0
22794971.0
18781781.0
30585352.0
30863765.0
16469934.0
15804385.0
13868251.0
17415881.0
16176704.0
11160445.0
13481331.0
15078107.0
83768466.0
390018075.0
1331473134.0
3524479924.0
14589641877.0
41326187305.0
28356801336.0
13634844286.0
9035335901.0
9586435526.0
18959428757.0
17913522507.0
19503352647.0
20765253806.0
14209504927.0
10196501990.0
1913173436.0
877101919.0
344288944.0
184558780.0
211338963.0
468292269.0
849279872.0
1958219501.0
3051311138.0
7582419389.0
7100364247.0
10406113895.0
5477449670.0
6835072322.0
5740385997.0
6791193767.0
4570861201.0
1275101971.0
139631134.0
57678318.0
70623555.0
43633514.0
60810275.0
76687362.0
87800874.0
98400111.0
39744756.0
1261766033.0
6044354382.0
6636647074.0
5406758889.0
4593169030.0
3534661238.0
3264679373.0
2706460027.0
2469110265.0
3957934241.0
4083214728.0
1332728276.0
550025514.0
1994474555.0
3996662314.0
13729273104.0
12939684326.0
17856072940.0
14859518725.0
6276365222.0
4979417610.0
1343619764.0
359972599.0
153543828.0
159972995.0
209306645.0
117458455.0
236169991.0
3112803727.0
5081412260.0
4838239223.0
5846564394.0
7935773304.0
9389801660.0
10832544029.0
7302608421.0
13560751912.0
19205297075.0
25560182414.0
23756773105.0
18446926036.0
22504521052.0
30412985275.0
12126353192.0
4872172300.0
1832433669.0
372646436.0
117520403.0
161954701.0
125222829.0
150807677.0
104646921.0
82726893.0
334835040.0
2677827467.0
8860059001.0
16384116276.0
18111319444.0
15018353638.0
19066148965.0
8358572712.0
3521647897.0
4700060575.0
5535688495.0
3877298875.0
1250943831.0
852248021.0
305033593.0
271753022.0
250215136.0
609004771.0
1572834120.0
4263831100.0
9355406007.0
15632366209.0
21070515933.0
20040182080.0
19548246411.0
16390204686.0
12756240228.0
12451974232.0
3400043191.0
1099365119.0
242925895.0
77357201.0
71080145.0
37226179.0
34881236.0
30196738.0
22300324.0
23031110.0
17048654.0
14352778.0
19147783.0
22655070.0
26459362.0
24124260.0
12562545.0
14237141.0
11210512.0
14396956.0
12702046.0
11854339.0
17236322.0
15092268.0
7723499.0
6481076.0
6425653.0
6662086.0
7645445.0
15853348.0
22009786.0
17062310.0
8424137.0
10592029.0
