154770.0
165068.0
164141.0
187905.0
164615.0
193385.0
175012.0
164018.0
178920.0
157589.0
163263.0
159670.0
143591.0
167489.0
145171.0
148947.0
167849.0
186779.0
186330.0
184312.0
161755.0
162321.0
178319.0
167762.0
169904.0
156714.0
181068.0
165046.0
165619.0
169856.0
169798.0
169962.0
167922.0
173616.0
172790.0
164575.0
214240.0
182465.0
174252.0
165162.0
170724.0
187930.0
154567.0
170836.0
7479766.0
3447941.0
29074735.0
39165309.0
28650149.0
64728959.0
3739862814.0
8375262358.0
9025722013.0
11909593208.0
8482141499.0
3955915137.0
3687451577.0
4536282391.0
4279812608.0
5582969714.0
5516884531.0
5157528490.0
4808033307.0
4329639858.0
3667083094.0
3646717610.0
5138586330.0
5581807858.0
7557310238.0
16544024314.0
21271540931.0
15300974181.0
15181167845.0
9544684930.0
10323234153.0
7380307978.0
4866992959.0
2426731660.0
212107924.0
157180923.0
871751469.0
4349662888.0
5246949729.0
3687108185.0
3435421346.0
3814427675.0
2255399992.0
1235188484.0
303038866.0
51985686.0
20548552.0
55064304.0
221579849.0
149498668.0
719461576.0
11066025201.0
19966317943.0
21327600752.0
17899140481.0
15479503765.0
5445826452.0
845336082.0
260000807.0
56783149.0
34019417.0
30788597.0
18974388.0
488689084.0
5439088420.0
6724415325.0
6393379084.0
4669898063.0
2826144914.0
3605378536.0
3133715773.0
982541365.0
77819389.0
95451833.0
1820269161.0
5106741573.0
9343164898.0
8992651575.0
4485838286.0
847840609.0
34188713.0
94118878.0
1547709377.0
4703589234.0
7438349470.0
6414141178.0
7811607608.0
4829643563.0
3035655129.0
1304446321.0
126185332.0
39304751.0
269984926.0
4969344976.0
6527756730.0
5753088407.0
4138069342.0
3935496504.0
3691417894.0
2448177192.0
2357700212.0
1931639950.0
2907051178.0
3390527875.0
6112510670.0
6027471265.0
6113071978.0
8260138863.0
13928172057.0
19549953105.0
20141627197.0
12588192326.0
7541161202.0
2470129634.0
355844415.0
107565198.0
25959232.0
46394458.0
292618853.0
425712131.0
250781518.0
3829857835.0
8178991226.0
8902884748.0
8574334936.0
5885266104.0
1952146702.0
1281445115.0
1143836726.0
1952322295.0
4246490223.0
8647620830.0
5393734858.0
6886794730.0
6576097247.0
4634433894.0
3554690856.0
3616998803.0
2352787408.0
1758125387.0
1844181081.0
1077941400.0
580144384.0
541539336.0
1078507518.0
1873311929.0
3645105461.0
4177612106.0
1966418591.0
625952547.0
333759070.0
1906173380.0
13513178593.0
19962741808.0
10893538022.0
8617589396.0
6773599696.0
2540306518.0
466662497.0
207547276.0
123995094.0
517457976.0
5438703249.0
6601491433.0
6024712652.0
7123220204.0
4703235498.0
4124307322.0
1919533379.0
1149854067.0
1080394270.0
1100303607.0
672745844.0
164363321.0
68589090.0
73926839.0
202060210.0
495129605.0
857507015.0
1075002557.0
1134366671.0
1206742359.0
538102428.0
229588622.0
96224748.0
92006137.0
89267183.0
54023647.0
59188934.0
27674927.0
981258988.0
1855955958.0
2725793772.0
3094336555.0
2392875962.0
1969149750.0
942018106.0
343961148.0
54814363.0
21161574.0
5701532.0
24417477.0
150150237.0
3302521020.0
4906255042.0
7937085773.0
8762116358.0
9756329714.0
7752373551.0
4668575180.0
2402950711.0
1663425002.0
559191502.0
74205396.0
62708762.0
77467379.0
33030510.0
19692619.0
171402641.0
681751281.0
547142634.0
152466981.0
37709442.0
9561925.0
4167132.0
1014968775.0
2695111866.0
1686192791.0
1678020768.0
1782589748.0
2919108802.0
4591861026.0
3694089697.0
1377958295.0
81395945.0
15273774.0
74301996.0
698969442.0
55937391.0
64786589.0
56797701.0
178566215.0
969683755.0
1042276904.0
1291282869.0
658265453.0
260529378.0
54693938.0
31977549.0
14766875.0
3886217.0
1015404.0
1015712.0
588740.0
553014.0
795991.0
596583.0
513590.0
579843.0
537292.0
870869.0
990088.0
1763529.0
1448628.0
1002244.0
1649009.0
1057588.0
907327.0
792288.0
667285.0
761346.0
754080.0
728533.0
768252.0
661890.0
623557.0
539399.0
577618.0
559289.0
785185.0
807327.0
645964.0
340306.0
537496.0
479905.0
579372.0
538803.0
1095549.0
983314.0
2382093.0
993045.0
737016.0
2955222.0
1048596.0
935859.0
956818.0
838220.0
439725.0
345366.0
