848445.0
715407.0
533186.0
831615.0
880869.0
1003405.0
942554.0
1025758.0
936079.0
782881.0
648502.0
634137.0
897399.0
953065.0
695456.0
877276.0
812976.0
646720.0
1117604.0
831362.0
667720.0
672434.0
984021.0
1004128.0
687364.0
748569.0
7997204.0
706718.0
902597.0
982341.0
801170.0
812728.0
651052.0
1035365.0
1030321.0
1813518.0
1973808.0
1940464.0
651845.0
815764.0
1036612.0
1119455.0
1020896.0
1069158.0
1036834.0
910747.0
744159.0
1282538.0
1190135.0
1154813.0
1955408.0
1026882204.0
7415752068.0
16747500112.0
11597487277.0
8176232407.0
4670783295.0
3995972039.0
932684004.0
260589629.0
389328196.0
359924463.0
346433895.0
373208270.0
227640286.0
108763124.0
5551726739.0
16701833241.0
12898255354.0
17637604009.0
11314926996.0
1679285494.0
111400463.0
12432495.0
45039839.0
84475664.0
149427501.0
121920053.0
138044237.0
3128757914.0
13123834314.0
14905731729.0
8598140757.0
7760722636.0
2520992433.0
1674355240.0
855570930.0
403161569.0
90161472.0
64847422.0
30304939.0
14322194.0
141823038.0
232670234.0
123151458.0
231236883.0
342090918.0
175184098.0
274579929.0
106509220.0
44661157.0
1670051246.0
1984128707.0
1546927320.0
2352776926.0
2400606600.0
1771975481.0
1733025272.0
1048624533.0
809224254.0
747605209.0
531533694.0
428673381.0
169030528.0
9191980.0
464678917.0
240178781.0
7961071802.0
17789658484.0
20769309882.0
12029140671.0
5137320091.0
3906317322.0
303729429.0
348239522.0
271870876.0
636971006.0
2390828.0
1959547.0
3099115.0
2321820.0
795713.0
794931.0
520031.0
692355.0
569292.0
554096.0
398772.0
770522.0
910493.0
1583512.0
1813874.0
1891950.0
1786925.0
1424730.0
1277258.0
758320.0
906287.0
672977.0
608096.0
736102.0
634794.0
655618.0
556184.0
717898.0
576096.0
650752.0
583938.0
39024214.0
1044328482.0
7558476990.0
6886776694.0
4020284724.0
831799271.0
592583714.0
324178104.0
292158674.0
246370701.0
184212320.0
141943616.0
60240379.0
121977029.0
514251845.0
565170510.0
822681357.0
662035964.0
449303334.0
149191567.0
598743360.0
2733707636.0
3101869976.0
1895873657.0
1203908237.0
850153055.0
609431682.0
498538554.0
277541849.0
120003349.0
85715414.0
152238868.0
264282803.0
344223542.0
231642214.0
309509546.0
106954631.0
631868978.0
1952907941.0
1456839404.0
459943946.0
3155702.0
1954787.0
108790967.0
53523047.0
205706545.0
355180833.0
373934772.0
5632565367.0
3489942861.0
5523008241.0
651168037.0
43845965.0
9253271.0
304149626.0
3384163792.0
1882869263.0
1652907153.0
735945446.0
667205305.0
164466625.0
172308879.0
173578155.0
401084118.0
843960653.0
1486781272.0
1117596260.0
87185445.0
3270811.0
1329167.0
179714266.0
43157877.0
1047853892.0
845834616.0
219399702.0
89423738.0
32366659.0
17589490.0
19810248.0
2160619.0
737217.0
669645.0
586150.0
20860754.0
488874229.0
1044123595.0
311600785.0
214257829.0
129251603.0
33138993.0
138984610.0
687422419.0
554266530.0
408258615.0
458971483.0
187010145.0
96792145.0
35861223.0
53273058.0
284346043.0
448339245.0
377573678.0
289161204.0
172035065.0
2013430276.0
2531883732.0
401481647.0
167077677.0
55381259.0
15987910.0
9079965.0
934083.0
723175.0
775514.0
608992.0
550991.0
650648.0
586350.0
615730.0
668893.0
497548.0
475413.0
494452.0
427936.0
546018.0
540581.0
507473.0
453954.0
824152.0
621859.0
603909.0
684419.0
568816.0
513717.0
673217.0
421669.0
746894.0
498754.0
722403.0
408173.0
430120.0
592110.0
502170.0
512394.0
688168.0
703843.0
672834.0
726890.0
456026.0
569978.0
607496.0
430829.0
462310.0
595879.0
519282.0
599412.0
533423.0
472878.0
676913.0
542883.0
623395.0
686093.0
667769.0
514652.0
569589.0
536929.0
627620.0
723222.0
684030.0
564808.0
