2607866.0
3037595.0
1515983.0
2470643.0
2061398.0
3262538.0
1548989.0
3136405.0
2508967.0
13068851.0
2342675.0
2627455.0
2077432.0
5322015.0
10881373.0
5041886.0
7087591.0
7780753.0
17220009.0
16222020.0
35132309.0
31060118.0
20755375.0
11562924.0
3450909.0
2641339.0
3056630.0
2594853.0
224531005.0
2478225026.0
6053686885.0
9132182200.0
8010910823.0
10496219037.0
10375645968.0
8440588324.0
9909790394.0
7996179903.0
10360481136.0
7364395925.0
5321927120.0
8322016162.0
9466428629.0
7916565541.0
10393777552.0
9643089746.0
7955368701.0
7410789430.0
3581293727.0
3297711959.0
2692701668.0
928093098.0
128668046.0
47235356.0
23420020.0
23894450.0
23884092.0
6206231657.0
12652516758.0
10719379293.0
5042179822.0
3005667375.0
3244262638.0
3628959438.0
2217549070.0
1582895706.0
724896897.0
120150836.0
140061795.0
2828829105.0
2889976666.0
1532926456.0
359202405.0
47464022.0
20236214.0
20733055.0
24938953.0
6662504705.0
8546693070.0
14214818773.0
16498423417.0
13714227059.0
11386764342.0
9545505218.0
3331969226.0
739552316.0
372168727.0
69744086.0
29935736.0
27916424.0
25770872.0
22152255.0
20630438.0
886590013.0
1643773047.0
1531524933.0
670177729.0
290049367.0
307204879.0
78759282.0
126742312.0
102437967.0
49365682.0
99556900.0
143633864.0
218622604.0
31881909.0
29658050.0
10765460.0
9179130.0
33067293.0
210660036.0
2949991726.0
4283505420.0
3033751242.0
1588680486.0
2169475757.0
2234760691.0
2566334243.0
2915779710.0
2867737621.0
2120144472.0
1027087565.0
202593623.0
84799850.0
58151642.0
52456953.0
1795207475.0
2098967020.0
2030281763.0
1304303967.0
1005586989.0
442294415.0
291949732.0
227043670.0
93209370.0
92171855.0
562440005.0
1095936634.0
718185292.0
502349416.0
561407998.0
390099773.0
120424324.0
9392035.0
20817708.0
11436591.0
82291055.0
76732623.0
331708305.0
2141654479.0
6952925119.0
5761485919.0
3377418327.0
2096126813.0
1964439091.0
1296052796.0
1429294279.0
1088494846.0
396309881.0
177329174.0
54063848.0
8046265.0
5090810.0
4399085.0
3653797.0
3398640.0
4168480.0
3636178.0
2659443.0
2946633.0
2736627.0
2323031.0
2051792.0
2631445.0
2215478.0
2696969.0
2249093.0
2189780.0
2396275.0
2546251.0
2771701.0
1872309.0
2800402.0
2037667.0
3045270.0
2516906.0
1385645.0
